87203095466126797038797743
6470575945886162647136576
7929395216702597405783198
6715751269853894423205596
70210184225128295807383209
21704478166939610431064485
5296343451394763490295952
69088600584370946416076219
80183148606362156241713898
107460274018276526188278600
104719055559077261396257724
81739336945098924546433904
113207176644060821975872891
30076324842134272637409959
26079402144922011563458023
47749162560849356597750174
70685574703677608051698390
16337047764052904672896701
62840422028176431031988958
90057852323992117125309155
81018469577936088773329562
26422719099810435115428299
3693844800415133403542312
112231802493098947569738912
24623737766383309081500252
14121880940116856579443982
26348803328757518843508590
86586084551987423075077846
47224496105717083076097240
43483335732216367501653166
9301349523280316772048484
57740031795717162465504302
70291050680815766855929870
101901690242918165907963225
93561595374478940917284780
34000535273966466206243697
49788754662640284113993493
96057482860878172126856875
118901588251223943056330642
118360005220437004081560333
36836129915679547410000516
21531791693280750781467305
27262318185119255892319394
8532641282447947955899034
54020216115857088613533768
25876909613062122506020717
11715282544164896648947082
44503813777942641528430892
90333130715650178950646324
111187115690949900208278837
122514953399921780014503236
95792739190721398097624399
47787437737237596714598775
18039716620339807498824716
107037191500031984143869489
118405840446162802161118456
11508965122953291807512037
10223519375852949364144753
6621028353393896871566687
115118511210503408849889220
102320107889242862781378907
12313251699287574478387384
42490659435479019527857795
28040285298132678458417031
63116383574126590669450714
85808310431289810981738438
20873479719989979838935170
41057672155910765615513301
103287598386891821861739336
80445040190752025986065478
14440927417510906183967292
13427523526956941823378443
120781486597145293793122869
84866732928209780814753870
48918006648674623027714660
39972981902371052431958076
43660208483876874182732158
41187651102417952679340832
83743970029836014245707250
107227758524165845484967789
98372677804036769321746176
12116409115863599175827318
22495868983113565175621214
19555891443580699805741429
115572284341867025769757273
70856932859326919691634493
102575137717979644855447895
98382599157968254221159251
13820261293306353981931987
80358876731056566543866574
119268038739783229166302532
11974904952971276245442334
104126627720209723383394685
39981721283692389468131482
19367425667785022833585028
29376636854431230897151855
26634424892741101705250985
69814266202070720282154755
70592580472799045368664037
41883864627292550661905118
70329777878891217578139164
98656633679464909865886314
97587048384284568390316882
37054644980621751924088975
112329525317063254932749394
85391853056043065360931102
60313607646842644588464128
105919424056501622791364396
100488473558818895252741953
64997292647844262262024665
88829184257486165394525946
19360292316817178112639487
107984678987905824007315202
46509643907964777705303529
55278650936909980865167017
91801806775055279578165330
123493588531256855530897749
99932435753460277002645056
58111674454484232903383568
22652072623124967332119627
82837947405425045083360482
20657750700499660110996508
2489171260222320915389439
121399796799918806701951903
53032310399585533901228226
27234142609498605704130417
61078703502876351142699878
13432796551186945243251055
33245183020300369632039854
114730958951020602084412215
81300215794311228081149985
110337088418040406673497635
48579959018373354076140906
61799942432650975755084090
101738615888675741077428427
79255051492688275540976483
75212114107807134770996666
14561810368123937433154175
54670740854351344231912473
8576941575776942562397761
113879256682301076815054911
20932940880787092124582218
8810504308812633730996380
55168855299122286466484545
91258968283620186258436748
26340307366262676905580433
54814593678668696960864805
108227916071051960887298354
37521309353662120796255997
11881214795326211696709356
94853080584460561014065279
3090779634489005403523451
58261521323720003206974228
103208282436291620220299163
76517480632449345568797027
7276171350028145918229711
62149014704256567317678957
10564403203301489826775541
108230307830371067072007065
70261486922556286582741919
27185685877075307543907196
109077654855994944435783952
687822465469119385881711
75193985702798126682470062
103516104656255948391122962
113226695858032631175512376
22567166711092653535757803
47671467107128875587065614
81607076510218657398504907
45197748775249291795595458
23095486545238055305807458
103545664942309632723396778
67023876734476241364906670
96556129285009345255662672
40606443576362043618073827
83222211170838602597109589
18543980392407983168597182
50058447994063963251388925
77584372949185675869844005
75248736637262167778277834
81465620935793533738713298
68294780811716411740714041
10790837605336434301287150
111472007086527007489370184
67831071102246241008601861
73603373166676971455709534
95083824907385744560555194
11080776181460286150630432
67596725345061860800469848
68580683043165118122484409
10661281727835700513248968
33252122863035058230093169
106162971716020192387492280
4888790089282087562260986
62826506123133117654471895
55077756695218876351989145
36373247775788045518169950
64431882224844617784002150
40091098990271188862491264
99959156538150977104060182
